0
2
2.66667
3
2.4
2.66667
2.85714
3
3.11111
3.2
2.90909
3
3.07692
3.14286
3.2
3
2.82353
2.88889
2.94737
3
3.04762
2.90909
2.78261
2.83333
2.72
2.76923
2.81481
2.85714
2.89655
2.8
2.83871
2.875
2.78788
2.82353
2.85714
2.88889
2.91892
2.94737
2.97436
3
3.02439
3.04762
2.97674
2.90909
2.93333
2.86957
2.89362
2.91667
2.85714
2.88
2.90196
2.92308
2.9434
2.96296
2.90909
2.92857
2.94737
2.96552
2.98305
3
3.01639
3.03226
3.04762
3.0625
3.07692
3.09091
3.10448
3.11765
3.07246
3.08571
3.09859
3.05556
3.06849
3.02703
3.04
3.05263
3.06494
3.07692
3.08861
3.1
3.11111
3.07317
3.08434
3.09524
3.10588
3.11628
3.12644
3.13636
3.14607
3.15556
3.12088
3.13043
3.13978
3.14894
3.15789
3.16667
3.17526
3.14286
3.15152
3.16
3.16832
3.17647
3.18447
3.19231
3.2
3.20755
3.21495
3.22222
3.19266
3.2
3.17117
3.17857
3.18584
3.15789
3.13043
3.13793
3.1453
3.15254
3.15966
3.13333
3.1405
3.14754
3.12195
3.12903
3.104
3.07937
3.08661
3.09375
3.06977
3.07692
3.08397
3.09091
3.09774
3.10448
3.11111
3.08824
3.09489
3.10145
3.10791
3.11429
3.12057
3.12676
3.13287
3.11111
3.11724
3.12329
3.12925
3.10811
3.11409
3.12
3.12583
3.13158
3.13725
3.11688
3.12258
3.10256
3.10828
3.11392
3.1195
3.125
3.13043
3.1358
3.1411
3.14634
3.15152
3.13253
3.13772
3.14286
3.14793
3.15294
3.15789
3.16279
3.16763
3.17241
3.17714
3.18182
3.16384
3.16854
3.17318
3.17778
3.18232
3.16484
3.1694
3.17391
3.17838
3.16129
3.16578
3.17021
3.1746
3.17895
3.18325
3.1875
3.19171
3.19588
3.2
3.20408
3.20812
3.21212
3.21608
3.22
3.22388
3.20792
3.21182
3.21569
3.21951
3.2233
3.22705
3.23077
3.21531
3.21905
3.22275
3.22642
3.23005
3.23364
3.2186
3.22222
3.22581
3.22936
3.23288
3.23636
3.23982
3.22523
3.21076
3.21429
3.21778
3.22124
3.22467
3.22807
3.21397
3.2
3.20346
3.2069
3.2103
3.19658
3.2
3.20339
3.20675
3.21008
3.21339
3.2
3.18672
3.19008
3.19342
3.19672
3.2
3.20325
3.20648
3.20968
3.21285
3.216
3.20319
3.20635
3.19368
3.19685
3.2
3.1875
3.19066
3.1938
3.19691
3.2
3.18774
3.19084
3.19392
3.19697
3.2
3.20301
3.20599
3.20896
3.2119
3.21481
3.21771
3.22059
3.20879
3.21168
3.2
3.2029
3.20578
3.20863
3.19713
3.2
3.20285
3.20567
3.20848
3.21127
3.21404
3.2028
3.20557
3.20833
3.19723
3.18621
3.189
3.17808
3.18089
3.18367
3.17288
3.17568
3.16498
3.16779
3.15719
3.14667
3.1495
3.13907
3.14191
3.14474
3.14754
3.15033
3.15309
3.14286
3.14563
3.14839
3.15113
3.15385
3.14377
3.1465
3.14921
3.1519
3.14196
3.14465
3.1348
3.125
3.11526
3.10559
3.10836
3.11111
3.11385
3.10429
3.0948
3.08537
3.08815
3.09091
3.09366
3.08434
3.08709
3.08982
3.09254
3.09524
3.09792
3.10059
3.09145
3.09412
3.09677
3.09942
3.10204
3.10465
3.10725
3.10983
3.11239
3.11494
3.11748
3.12
3.12251
3.125
3.12748
3.12994
3.13239
3.1236
3.12605
3.12849
3.13092
3.12222
3.12465
3.12707
3.12948
3.13187
3.13425
3.13661
3.13896
3.1413
3.14363
3.14595
3.14825
3.13978
3.14209
3.14439
3.14667
3.14894
3.14058
3.14286
3.14512
3.14737
3.14961
3.15183
3.15405
3.15625
3.14805
3.15026
3.15245
3.15464
3.14653
3.14872
3.14066
3.14286
3.14504
3.14721
3.14937
3.15152
3.15365
3.14573
3.14787
3.14
3.13217
3.13433
3.12655
3.12871
3.13086
3.133
3.13514
3.13725
3.13936
3.14146
3.14355
3.14563
3.13801
3.1401
3.14217
3.14423
3.14628
3.14833
3.14081
3.14286
3.14489
3.14692
3.14894
3.15094
3.14353
3.14554
3.14754
3.14953
3.15152
3.15349
3.15545
3.15741
3.15935
3.16129
3.16322
3.16514
3.16705
3.16895
3.17084
3.16364
3.16553
3.15837
3.16027
3.16216
3.16404
3.16592
3.15884
3.16071
3.16258
3.16444
3.1663
3.16814
3.16998
3.17181
3.16484
3.15789
3.15974
3.16157
3.1634
3.15652
3.15835
3.16017
3.16199
3.16379
3.16559
3.16738
3.16916
3.17094
3.17271
3.17447
3.17622
3.17797
3.1797
3.18143
3.18316
3.17647
3.1782
3.17155
3.17328
3.175
3.17672
3.17012
3.17184
3.17355
3.17526
3.17695
3.17864
3.18033
3.182
3.17551
3.17719
3.17886
3.18053
3.18219
3.18384
3.18548
3.17907
3.17269
3.17435
3.176
3.17764
3.17928
3.18091
3.18254
3.18416
3.18577
3.18738
3.18898
3.19057
3.18431
3.18591
3.1875
3.18129
3.18288
3.18447
3.18605
3.18762
3.18919
3.19075
3.18462
3.18618
3.18774
3.18929
3.19084
3.19238
3.19392
3.19545
3.19697
3.19093
3.19245
3.19397
3.19549
3.197
3.19101
3.18505
3.18657
3.18808
3.18959
3.18367
3.18519
3.18669
3.18081
3.18232
3.18382
3.18532
3.18681
3.1883
3.18248
3.18397
3.18545
3.17967
3.18116
3.17541
3.1769
3.17117
3.17266
3.17415
3.16846
3.16995
3.17143
3.17291
3.17438
3.17584
3.17021
3.17168
3.17314
3.1746
3.17606
3.1775
3.17193
3.16637
3.16084
3.1623
3.16376
3.16522
3.15972
3.16118
3.16263
3.15717
3.15862
3.15318
3.15464
3.15609
3.15753
3.15897
3.16041
3.16184
3.16327
3.16469
3.1661
3.16751
3.16892
3.17032
3.17172
3.17311
3.1745
3.17588
3.17726
3.17863
3.18
3.17471
3.17608
3.17081
3.17219
3.17355
3.17492
3.17628
3.17763
3.17898
3.18033
3.17512
3.17647
3.17781
3.17915
3.18049
3.18182
3.17666
3.17799
3.17932
3.18065
3.18196
3.18328
3.18459
3.1859
3.1872
3.1885
3.18979
3.18471
3.18601
3.18095
3.18225
3.18354
3.18483
3.18612
3.1874
3.18239
3.18367
3.18495
3.18623
3.1875
3.18877
3.19003
3.19129
3.19255
3.1938
3.19505
3.19629
3.19753
3.19877
3.19385
3.19508
3.19632
3.19142
3.19266
3.18779
3.18902
3.18417
3.18541
3.18665
3.18788
3.18911
3.19033
3.18552
3.18675
3.18195
3.17718
3.17241
3.16766
3.16891
3.16418
3.16542
3.16071
3.16196
3.1632
3.16444
3.16568
3.16691
3.16814
3.16937
3.17059
3.17181
3.17302
3.17423
3.17544
3.17664
3.17201
3.17322
3.17442
3.17562
3.17681
3.17221
3.17341
3.1746
3.17579
3.17698
3.17816
3.17934
3.18052
3.17597
3.17714
3.17261
3.17379
3.16927
3.17045
3.17163
3.1728
3.16832
3.16949
3.17066
3.17183
3.173
3.17416
3.17532
3.17647
3.17762
3.17877
3.17992
3.18106
3.1822
3.18333
3.18447
3.1856
3.18672
3.18785
3.18345
3.18457
3.18569
3.18132
3.18244
3.18356
3.18468
3.18579
3.1869
3.18801
3.18912
3.19022
3.19132
3.19241
3.1935
3.19459
3.19568
3.19677
3.19785
3.19892
3.2
3.20107
3.20214
3.20321
3.19893
3.2
3.19574
3.19149
3.18725
3.18833
3.1894
3.19048
3.19155
3.19261
3.19368
3.19474
3.1958
3.19685
3.1979
3.19895
3.2
3.20104
3.20209
3.20312
3.20416
3.20519
3.20623
3.20725
3.20828
3.2093
3.21032
3.21134
3.20721
3.20823
3.20924
3.21026
3.21127
3.21228
3.21328
3.21429
3.21529
3.21628
3.21728
3.2132
3.2142
3.21013
3.21113
3.21212
3.21311
3.21411
3.21509
3.21608
3.21205
3.21303
3.21402
3.21
3.20599
3.20698
3.20797
3.20398
3.20497
3.20596
3.20694
3.20792
3.2089
3.20988
3.21085
3.2069
3.20787
3.20885
3.20982
3.21078
3.20685
3.20782
3.20879
3.20976
3.21072
3.20681
3.20292
3.20388
3.20485
3.20581
3.20677
3.2029
3.20386
3.20482
3.20578
3.20673
3.20768
3.20863
3.20958
3.21053
3.21147
3.21241
3.21335
3.20952
3.20571
3.20665
3.20759
3.20853
3.20947
3.2104
3.21133
3.21226
3.21319
3.21412
3.21504
3.21596
3.21688
3.2178
3.21871
3.21963
3.21587
3.21678
3.21769
3.2186
3.21951
3.21578
3.21205
3.21296
3.20925
3.21016
3.21107
3.20737
3.20368
3.2
3.20092
3.20183
3.20275
3.20366
3.20457
3.20548
3.20182
3.20273
3.20364
3.20455
3.20545
3.20635
3.20725
3.20814
3.20904
3.20993
3.21082
3.21171
3.2126
3.21348
3.21437
3.21525
3.21613
3.217
3.21788
3.21875
3.21962
3.22049
3.22136
3.22222
3.22309
3.22395
3.22038
3.22124
3.21768
3.21854
3.21499
3.21586
3.21672
3.21758
3.21405
3.21491
3.21577
3.21663
3.21749
3.21834
3.21919
3.22004
3.22089
3.22174
3.22258
3.22343
3.22427
3.22078
3.22162
3.22246
3.2233
3.22414
3.22497
3.22581
3.22664
3.22318
3.22401
3.22056
3.22139
3.22222
3.22305
3.21962
3.22045
3.21702
3.21785
3.21868
3.21951
3.22034
3.21693
3.21353
3.21436
3.21519
3.21602
3.21263
3.21346
3.21429
3.21511
3.21593
3.21675
3.21757
3.21839
3.21921
3.22002
3.22083
3.22164
3.22245
3.22326
3.22407
3.22487
3.22567
3.22647
3.22727
3.22807
3.22887
3.22966
3.23045
3.23124
3.23203
3.23282
3.23361
3.23439
3.23108
3.22778
3.22857
3.22936
3.23014
3.23093
3.23171
3.23249
3.22921
3.22999
3.23077
3.2275
3.22828
3.22503
3.22581
3.22659
3.22334
3.22412
3.2249
3.22568
3.22244
3.22322
3.224
3.22478
3.22555
3.22632
3.22709
3.22388
3.22465
3.22542
3.22619
3.22299
3.22376
3.22453
3.2253
3.22211
3.22288
3.2197
3.22047
3.22124
3.222
3.22277
3.22353
3.22429
3.22505
3.22581
3.22656
3.22732
3.22417
3.22493
3.22568
3.22643
3.22718
3.22793
3.22868
3.22943
3.23017
3.23092
3.23166
3.2324
3.23314
3.23388
3.23462
3.23535
3.23608
3.23298
3.23372
3.23062
3.23136
3.23209
3.22901
3.22974
3.23048
3.23121
3.23194
3.23267
3.2296
3.23033
3.23106
3.23179
3.22873
3.22946
3.22642
3.22714
3.22787
3.2286
3.22932
3.23005
3.23077
3.23149
3.23221
3.23293
3.22991
3.23063
3.23134
3.23206
3.22905
3.22605
3.22677
3.22748
3.22449
3.22521
3.22222
3.21924
3.21996
3.21699
3.21771
3.21843
3.21915
3.21987
3.21691
3.21763
3.21835
3.21907
3.21978
3.22049
3.22121
3.21826
3.21898
3.21969
3.2204
3.22111
3.22182
3.22252
3.22323
3.22393
3.22464
3.22172
3.21881
3.21951
3.22022
3.22092
3.22162
3.21872
3.21942
3.22013
3.22083
3.22152
3.22222
3.22292
3.22361
3.22431
3.225
3.22569
3.22638
3.22707
3.22776
3.22844
3.22913
3.22981
3.2305
3.23118
3.23186
3.23254
3.22968
3.23036
3.23104
3.22819
3.22887
3.22603
3.22671
3.22388
3.22456
3.22524
3.22592
3.2266
3.22378
3.22445
3.22513
3.22581
3.22648
3.22715
3.22435
3.22502
3.22222
3.21943
3.21664
3.21732
3.21799
3.21867
3.21934
3.22002
3.21724
3.21792
3.21515
3.21582
3.21649
3.21717
3.21784
3.21508
3.21575
3.21642
3.21709
3.21776
3.21502
3.21569
3.21635
3.21702
3.21769
3.21835
3.21902
3.21628
3.21356
3.21423
3.21489
3.21555
3.21622
3.2135
3.21079
3.20809
3.20539
3.20269
3.2
3.19731
3.19799
3.19866
3.19598
3.19665
3.19398
3.19465
3.19533
3.196
3.19667
3.19734
3.198
3.19867
3.19934
3.2
3.20066
3.19801
3.19868
3.19934
3.2
3.20066
3.20132
3.20198
3.20264
3.20329
3.20395
3.2046
3.20525
3.20591
3.20328
3.20393
3.20458
3.20523
3.20261
3.20327
3.20065
3.19804
3.1987
3.19609
3.19675
3.1974
3.19481
3.19546
3.19611
3.19676
3.19741
3.19483
3.19548
3.19613
3.19677
3.19742
3.19807
3.19871
3.19936
3.2
3.19743
3.19487
3.19231
3.19295
3.1936
3.19424
3.19169
3.19234
3.19298
3.19363
3.19427
3.19491
3.19555
3.19619
3.19683
3.19746
3.1981
3.19873
3.19937
3.2
3.20063
3.19811
3.19874
3.19937
3.2
3.20063
3.20126
3.20189
3.20251
3.20314
3.20376
3.20439
3.20501
3.20563
3.20625
3.20687
3.20749
3.20811
3.20872
3.20623
3.20373
3.20435
3.20497
3.20559
3.2062
3.20372
3.20433
3.20495
3.20556
3.20309
3.2037
3.20432
3.20493
3.20246
3.20308
3.20061
3.19816
3.19877
3.19632
3.19693
3.19449
3.1951
3.19572
3.19633
3.19389
3.19451
3.19512
3.19269
3.1933
3.19392
3.19149
3.1921
3.19272
3.1903
3.18788
3.18547
3.18306
3.18367
3.18127
3.18189
3.1825
3.18312
3.18072
3.18134
3.18195
3.17956
3.18018
3.17779
3.17541
3.17303
3.17365
3.17427
3.17489
3.17252
3.17015
3.17077
3.17139
3.172
3.16964
3.17026
3.17088
3.17149
3.17211
3.17272
3.17333
3.17098
3.16864
3.16925
3.16987
3.17048
3.17109
3.1717
3.17231
3.17292
3.17353
3.17414
3.17474
3.17535
3.17595
3.17656
3.17716
3.17776
3.17836
3.17604
3.17664
3.17724
3.17784
3.17844
3.17904
3.17964
3.18023
3.18083
3.17852
3.17912
3.17971
3.1803
3.1809
3.18149
3.18208
3.18267
3.18326
3.18385
3.18444
3.18215
3.18273
3.18332
3.18103
3.18162
3.17934
3.17993
3.17765
3.17824
3.17883
3.17941
3.17714
3.17773
3.17832
3.17605
3.17664
3.17722
3.17781
3.17839
3.17614
3.17672
3.1773
3.17789
3.17847
3.17905
3.17963
3.18021
3.17797
3.17855
3.1763
3.17689
3.17746
3.17804
3.17581
3.17639
3.17697
3.17754
3.17812
3.1787
3.17647
3.17705
3.17483
3.1754
3.17598
3.17376
3.17434
3.17213
3.1727
3.17328
3.17385
3.17165
3.17222
3.1728
3.17337
3.17394
3.17452
3.17509
3.17566
3.17623
3.1768
3.17736
3.17793
3.17574
3.17355
3.17412
3.17194
3.17251
3.17308
3.17364
3.17147
3.17204
3.1726
3.17317
3.17373
3.1743
3.17213
3.16997
3.17053
3.1711
3.17166
3.17223
3.17279
3.17335
3.17391
3.17447
3.17503
3.17559
3.17615
3.17671
3.17727
3.17782
3.17838
3.17623
3.17679
3.17465
3.1752
3.17576
3.17631
3.17418
3.17473
3.17529
3.17584
3.17639
3.17694
3.17482
3.17269
3.17324
3.1738
3.17435
3.1749
3.17545
3.176
3.17388
3.17177
3.17232
3.17287
3.17342
3.17397
3.17452
3.17507
3.17561
3.17616
3.1767
3.17725
3.17779
3.17834
3.17888
3.17678
3.17469
3.17523
3.17577
3.17632
3.17423
3.17477
3.17531
3.17323
3.17115
3.17169
3.16961
3.17016
3.16808
3.16863
3.16917
3.16971
3.17025
3.16819
3.16873
3.16667
3.16721
3.16775
3.16829
3.16623
3.16677
3.16732
3.16785
3.16839
3.16893
3.16947
3.17001
3.17054
3.1685
3.16903
3.16957
3.1701
3.17064
3.17117
3.16913
3.1671
3.16763
3.16816
3.16613
3.16667
3.1672
3.16773
3.16827
3.1688
3.16933
3.16986
3.16784
3.16837
3.1689
3.16688
3.16741
3.16794
3.16847
3.169
3.16952
3.17005
3.17058
3.1711
3.17163
3.16962
3.16762
3.16814
3.16867
3.16919
3.16972
3.17024
3.17076
3.16877
3.16929
3.16981
3.17033
3.17085
3.16886
3.16939
3.16991
3.17043
3.17095
3.17146
3.17198
3.1725
3.17052
3.17104
3.17155
3.16958
3.1676
3.16812
3.16864
3.16667
3.1647
3.16522
3.16574
3.16377
3.16181
3.16233
3.16285
3.16337
3.16141
3.16193
3.15998
3.15802
3.15608
3.1566
3.15712
3.15764
3.15815
3.15867
3.15919
3.15725
3.15777
3.15583
3.15635
3.15441
3.15493
3.153
3.15352
3.15403
3.15455
3.15507
3.15558
3.15366
3.15174
3.15225
3.15033
3.15085
3.15137
3.15188
3.1524
3.15291
3.15343
3.15394
3.15445
3.15496
3.15547
3.15599
3.1565
3.157
3.1551
3.15561
3.15612
3.15663
3.15713
3.15764
3.15815
3.15865
3.15916
3.15966
3.16017
3.16067
3.16117
3.16168
3.16218
3.16029
3.16079
3.16129
3.1594
3.1599
3.16041
3.16091
3.15902
3.15952
3.16002
3.15815
3.15627
3.15677
3.15727
3.1554
3.1559
3.1564
3.1569
3.1574
3.15789
3.15839
3.15653
3.15702
3.15752
3.15802
3.15616
3.15665
3.15715
3.15765
